0.28436978	-0.369885	0.610530922	-25.26785714
0.28442578	-0.3713		0.61194703	30.68478261
0.28427778	-0.372708	0.613362787	5.836477987
0.28394878	-0.374084	0.614777572	2.892391304
0.28335778	-0.375369	0.616191965	1.739316239
0.28254478	-0.376526	0.617606043	1.172319475
0.28152978	-0.377512	0.619021112	0.807937956
0.28035278	-0.378297	0.620435875	0.539733764
0.27905078	-0.37885	0.621850447	0.319672131
0.27766878	-0.379155	0.623265703	0.125939177
0.27625578	-0.379202	-0.48336414	-0.059743954
0.27485678	-0.378987	-0.481948716	-0.249451353
0.27352178	-0.37852	-0.480534391	-0.458414682
0.27229578	-0.377813	-0.479119144	-0.705907906
0.27121978	-0.376895	-0.477704753	-1.031632653
0.27033578	-0.375791	-0.476290444	-1.463567839
0.26962778	-0.374565	-0.474874696	-2.359970941
0.26758278	-0.369294	-0.469220895	-2.562150328
0.26551678	-0.364032	-0.463567843	-2.530926594
0.26342778	-0.358778	-0.457913779	-2.506443914
0.26132678	-0.35353	-0.452260842	-2.489205219
0.25921278	-0.348286	-0.44660677	-2.469604147
0.25708278	-0.343049	-0.44095318	-2.447848457
0.25493678	-0.337819	-0.435300021	-2.427211516
0.25277578	-0.332595	-0.429646694	-2.406314819
0.25059778	-0.327378	-0.423993309	-2.382541133
0.24839978	-0.322169	-0.418339559	-2.358405075
0.24618378	-0.316968	-0.412686148	-2.334681042
0.24394778	-0.311775	-0.407032216	-2.310621242
0.24169278	-0.306591	-0.401378997	-2.285525154
0.23941578	-0.301417	-0.395726121	-2.259396853
0.23711678	-0.296252	-0.390072572	-2.233282839
0.23479478	-0.291097	-0.384418749	-2.205139186
0.23244678	-0.285954	-0.378765117	-2.17690678
0.23007478	-0.280822	-0.373111463	-2.148606162
0.22767578	-0.275703	-0.367458202	-2.119170984
0.22524978	-0.270597	-0.361805175	-2.089959016
0.22279578	-0.265504	-0.35615179	-2.059943297
0.22031178	-0.260425	-0.350497897	-2.0284
0.21779578	-0.255362	-0.344844206	-1.995459929
0.21524578	-0.250316	-0.33919048	-1.962594974
0.21266278	-0.245288	-0.333537811	-1.93020573
0.21004478	-0.240277	-0.327884135	-1.896473265
0.20738878	-0.235286	-0.322230427	-1.861869159
0.20469478	-0.230316	-0.316577239	-1.826855775
0.20195978	-0.225368	-0.310923662	-1.790676583
0.19918178	-0.220444	-0.305270074	-1.754107143
0.19635978	-0.215545	-0.299616413	-1.716921455
0.19349078	-0.210673	-0.293962428	-1.678931905
0.19057378	-0.2058307	-0.288309397	-1.641152473
0.18760778	-0.2010181	-0.282656232	-1.602773601
0.18458878	-0.1962381	-0.27700267	-1.562865113
0.18151378	-0.191494	-0.271349166	-1.52255518
0.17838178	-0.1867876	-0.265695882	-1.482381781
0.17519078	-0.1821209	-0.260042514	-1.441442979
0.17193678	-0.1774975	-0.254388812	-1.399954352
0.16861878	-0.1729204	-0.248735586	-1.358376846
0.16523378	-0.1683923	-0.243082099	-1.31628655
0.16177878	-0.163917	-0.237428309	-1.274029509
0.15825278	-0.1594983	-0.231775205	-1.231785013
0.15465278	-0.1551393	-0.22612181	-1.18915762
0.15097578	-0.1508448	-0.220468221	-1.146817387
0.14722178	-0.1466173	-0.214814526	-1.105154231
0.14338978	-0.1424611	-0.209161366	-1.063421562
0.13947678	-0.1383811	-0.203508228	-1.0220817
0.13548278	-0.1343795	-0.197854482	-0.981571446
0.13140778	-0.1304608	-0.192201002	-0.942391833
0.12725478	-0.1266255	-0.186547956	-0.904245171
0.12302178	-0.1228778	-0.180894325	-0.866850053
0.11871178	-0.11922	-0.175241396	-0.830676095
0.11432478	-0.11565341	-0.169587518	-0.795101695
0.10986178	-0.11218335	-0.163934229	-0.761687136
0.10533078	-0.108802796	-0.158281078	-0.734033683
0.10074728	-0.105493	-0.152627476	-0.713002607
0.09612448	-0.10223868	-0.146974081	-0.696122719
0.09146758	-0.09903319	-0.141320596	-0.680805444
0.08677808	-0.0958756	-0.135667121	-0.666662061
0.08205968	-0.0927613	-0.130013612	-0.655099861
0.07731998	-0.0896796	-0.12436015	-0.647508166
0.07256868	-0.0866158	-0.11870668	-0.644118792
0.06781428	-0.0835568	-0.113053203	-0.644681321
0.06306538	-0.0804892	-0.107399689	-0.649243423
0.05833078	-0.0773997	-0.101746244	-0.657686649
0.05361848	-0.0742761	-0.096092692	-0.669991696
0.04893738	-0.0711062	-0.090439289	-0.686628974
0.04429758	-0.0678761	-0.084785857	-0.707736483
0.03970838	-0.0645745	-0.079132423	-0.733181988
0.03517938	-0.0611908	-0.073478993	-0.764276968
0.03072538	-0.057709	-0.067825583	-0.801224073
0.02635638	-0.0541216	-0.062172478	-0.860464302
0.02215768	-0.0503368	-0.056519709	-0.966662973
0.01823328	-0.0462693	-0.050867677	-1.118417383
0.01462838	-0.0419159	-0.045215474	-1.302696864
0.01135455	-0.0373084	-0.039563305	-1.523138859
0.00842842	-0.0324725	-0.033911034	-1.805169371
0.00588077	-0.0274273	-0.028259082	-2.206788104
0.00376703	-0.0221858	-0.022607425	-2.825391956
0.002112868	-0.0167815	-0.016955637	-3.850877409
0.00092856	-0.0112552	-0.011303861	-5.889562828
0.00022249	-0.005648	-0.005652381	-12.1211338
0		0		0		275.1705653
0.00026353	0.005645	0.005651148	10.87858822
0.00103359	0.011244	0.011302855	5.39017988
0.002323016	0.016746	0.016953928	3.506397876
0.00412993	0.022101	0.022605562	2.549470894
0.00644544	0.027256	0.028256722	1.962325994
0.00925548	0.032159	0.033907893	1.561878789
0.01253234	0.036763	0.039558966	1.269377764
0.01624158	0.041027	0.045210528	1.043442862
0.02034398	0.044914	0.05086194	0.861498533
0.02479528	0.048396	0.056513346	0.711211581
0.02954518	0.051458	0.062164664	0.584566781
0.03454438	0.054095	0.067816723	0.474328443
0.03974908	0.056298	0.073468459	0.375365293
0.04511808	0.058064	0.079120442	0.285222387
0.05061078	0.059396	0.084772342	0.202321275
0.05618958	0.060304	0.090424552	0.126694087
0.06181888	0.060816	0.096077088	0.062328773
0.06746848	0.061007	0.101729916	0.002301007
0.07311828	0.060842	0.107382124	-0.069579417
0.07873618	0.060223	0.113034023	-0.149212317
0.08429028	0.059175	0.118686132	-0.224903606
0.08975868	0.057744	0.124338668	-0.297517914
0.09511988	0.055953	0.129991114	-0.369461846
0.10035788	0.053828	0.135643747	-0.440205358
0.10546278	0.0514	0.141296639	-0.509937524
0.11042578	0.048694	0.146949409	-0.57861378
0.11524478	0.04574	0.152601743	-0.645083175
0.11992378	0.042567	0.158255146	-0.711989574
0.12445278	0.039184	0.163908157	-0.780096488
0.12883678	0.035614	0.16956186	-0.84429266
0.13309078	0.031891	0.175214934	-0.906626866
0.13721178	0.028021	0.180868211	-0.969204237
0.14120878	0.024023	0.18652153	-1.030483932
0.14508478	0.019908	0.192174547	-1.09221902
0.14884278	0.015685	0.197827536	-1.152807775
0.15249278	0.011368	0.203480764	-1.211615951
0.15603978	0.006965	0.209134756	-1.271387697
0.15948278	0.002481	0.214788118	-1.331713065
0.16282878	-0.002076	0.220441609	-1.391271405
0.16608178	-0.0067	0.226095226	-1.450888404
0.16924478	-0.0113849	0.231747912	-1.510189042
0.17232378	-0.0161266	0.23740158	-1.569354839
0.17532078	-0.0209203	0.243055036	-1.628684922
0.17823978	-0.0257619	0.2487085	-1.687905605
0.18108378	-0.0306477	0.254361763	-1.746964572
0.18385678	-0.0355746	0.260015423	-1.806061713
0.18656078	-0.0405395	0.265668904	-1.865443654
0.18919878	-0.0455398	0.271322402	-1.925076746
0.19177278	-0.050573	0.276975594	-1.984512579
0.19428678	-0.055637	0.282629291	-2.04397263
0.19674178	-0.0607295	0.28828266	-2.104224191
0.19913978	-0.0658488	0.293935769	-2.163925785
0.20148478	-0.070993	0.299589247	-2.22274197
0.20377878	-0.0761601	0.305242685	-2.280400793
0.20602578	-0.0813483	0.310896571	-2.337140288
0.20822678	-0.0865557	0.316550014	-2.392683486
0.21038578	-0.0917804	0.322203223	-2.445140187
0.21250678	-0.0970209	0.327856672	-2.495370899
0.21459178	-0.10227593	0.333510216	-2.545035067
0.21664178	-0.10754462	0.339163675	-2.594118515
0.21865878	-0.11282621	0.3448173	-2.6439325
0.22064178	-0.11812035	0.350470636	-2.694583122
0.22259278	-0.1234267	0.356124286	-2.746071336
0.22451078	-0.1287449	0.361777778	-2.799868525
0.22639578	-0.1340746	0.367431001	-2.853074866
0.22825078	-0.1394154	0.373084775	-2.907096248
0.23007378	-0.1447669	0.378738259	-2.963596127
0.23186578	-0.1501288	0.384391686	-3.019268636
0.23362878	-0.1555004	0.390045203	-3.075743707
0.23536178	-0.1608816	0.395698574	-3.133042467
0.23706678	-0.1662718	0.401352005	-3.190212892
0.23874378	-0.1716709	0.407005554	-3.248151488
0.24039378	-0.1770784	0.412659186	-3.306752215
0.24201678	-0.1824939	0.41831266	-3.367163715
0.24361278	-0.1879173	0.42396602	-3.427312914
0.24518378	-0.1933482	0.429619578	-3.488125802
0.24672878	-0.1987863	0.435272892	-3.549673842
0.24824978	-0.2042315	0.440926532	-3.613295756
0.24974478	-0.209684	0.446580272	-3.68010118
0.25121478	-0.215143	0.45223373	-3.747512864
0.25265978	-0.220608	0.457886539	-3.819134078
0.25407878	-0.226081	0.463540501	-3.891968728
0.25547378	-0.23156	0.469194302	-3.965280289
0.25684378	-0.237045	0.474847807	-4.040868925
0.25818978	-0.242535	0.480500401	-4.116523042
0.25951278	-0.248032	0.486154368	-4.193290126
0.26081278	-0.253534	0.491807863	-4.270364624
0.26209078	-0.259041	0.49746121	-4.348460931
0.26334678	-0.264553	0.503114499	-4.42576244
0.26458278	-0.27007	0.508768258	-4.503467972
0.26579778	-0.275591	0.514421369	-4.583817427
0.26699278	-0.281117	0.520075102	-4.659081332
0.26817078	-0.286647	0.525729179	-4.733846812
0.26932978	-0.29218	0.531382264	-4.808861859
0.27047278	-0.297717	0.537036008	-4.879735683
0.27159978	-0.303257	0.542689478	-4.947767857
0.27271278	-0.3088		0.548343116	-5.010393131
0.27381278	-0.314345	0.55399617	-5.067610781
0.27490178	-0.319893	0.559650038	-5.120904476
0.27597978	-0.325442	0.56530278	-5.170470424
0.27704878	-0.330994	0.570956757	-5.211168466
0.27811078	-0.336547	0.576610398	-5.244098206
0.27916678	-0.342101	0.582263897	-5.269449715
0.28021878	-0.347655	0.587916651	-5.292996665
0.28126578	-0.353211	0.593570441	-5.31166348
0.28231078	-0.358767	0.599223861	-5.338136407
0.28334778	-0.364325	0.604877774	-5.399708596
 
