-0.45	0.002758107
-0.44	0.003960984
-0.43	0.005171645
-0.42	0.006023026
-0.41	0.007427122
-0.4	0.007014566
-0.39	0.008326455
-0.38	0.008169338
-0.37	0.007715554
-0.36	0.009158543
-0.35	0.010073786
-0.34	0.011293596
-0.33	0.010073786
-0.32	0.010465
-0.31	0.010871407
-0.3	0.011080491
-0.29	0.010871407
-0.28	0.012661111
-0.27	0.012661111
-0.26	0.01366359
-0.25	0.01366359
-0.24	0.014194214
-0.23	0.015318082
-0.22	0.015612687
-0.21	0.015912957
-0.2	0.016219003
-0.19	0.016530935
-0.18	0.016530935
-0.17	0.015912957
-0.16	0.015612687
-0.15	0.014467204
-0.14	0.013152803
-0.13	0.011732181
-0.12	0.003336904
-0.11	0.002758107
-0.1	0.002460207
-0.09	0.002236687
-0.08	0.001995105
-0.07	0.001713088
-0.06	0.001389229
-0.05	0.001126596
-0.04	0.001043939
-0.03	0.000967346
-0.02	0.000879459
-0.01	0.002655001
0	0.00102424
0.01	0.000814934
0.02	0.000830608
0.03	0.000814934
0.04	0.000799557
0.05	0.000879459
0.06	0.000896373
0.07	0.000985951
0.08	0.000949093
0.09	0.001004913
0.1	0.001287303
0.11	0.001043939
0.12	0.00108448
0.13	0.001170347
0.14	0.00123918
0.15	0.001389229
0.16	0.001363015
0.17	0.00144318
0.18	0.001528059
0.19	0.001957458
0.2	0.001746035
0.21	0.001813842
0.22	0.001957458
0.23	0.001957458
0.24	0.002413784
0.25	0.001995105
0.26	0.002112446
0.27	0.002236687
0.28	0.002555749
0.29	0.002368237
0.3	0.002555749
0.31	0.002555749
0.32	0.002706063
0.33	0.003273938
0.34	0.002811153
0.35	0.002920323
0.36	0.003033734
0.37	0.00309208
0.38	0.00321216
0.39	0.003273938
0.4	0.003670371
0.41	0.00381291
0.42	0.003670371
0.43	0.00381291
0.44	0.003960984
0.45	0.004114808
0.46	0.004356817
0.47	0.004526014
0.48	0.004701781
0.49	0.004978312
0.5	0.005171645
0.51	0.005475811
0.52	0.005797867
0.53	0.006023026
0.54	0.006377266
0.55	0.006882204
0.56	0.007569964
0.57	0.007569964
0.58	0.008326455
0.59	0.008169338
0.6	0.008326455
